Entertainment	Game Consoles	Hardware	Movies	Software	Streaming	Video Games	RepID
0.673592	0.000000	0.068875	0.000000	0.012914	0.183418	0.061202	1
0.477845	0.000000	0.044310	0.477845	0.000000	0.000000	0.000000	2
0.260924	0.000000	0.434457	0.210986	0.061174	0.000000	0.032459	3
0.000000	0.000000	0.064987	0.000000	0.224138	0.000000	0.710875	4
0.620354	0.000000	0.067917	0.000000	0.009592	0.087171	0.214966	5
0.000000	0.000000	0.226428	0.053609	0.105573	0.105573	0.508817	6
0.000000	0.000000	0.043319	0.719530	0.011013	0.000000	0.226138	7
0.000000	0.948868	0.000000	0.000000	0.000000	0.000000	0.051132	8
0.000000	0.000000	1.000000	0.000000	0.000000	0.000000	0.000000	9
0.000000	0.000000	0.233906	0.000000	0.000000	0.000000	0.766094	10
0.256704	0.000000	0.116908	0.000000	0.015034	0.068215	0.543139	11
0.308979	0.000000	0.123788	0.000000	0.012365	0.027961	0.526907	12
0.025088	0.000000	0.101027	0.008251	0.052702	0.000000	0.812931	13
0.000000	0.000000	1.000000	0.000000	0.000000	0.000000	0.000000	14
0.970500	0.000000	0.029500	0.000000	0.000000	0.000000	0.000000	15
0.015555	0.000000	0.031276	0.001580	0.051905	0.066378	0.833306	16
0.969282	0.000000	0.000000	0.000000	0.007217	0.000000	0.023501	17
0.000000	0.000000	0.024858	0.975142	0.000000	0.000000	0.000000	18
0.000000	0.000000	1.000000	0.000000	0.000000	0.000000	0.000000	19
0.168091	0.000000	0.353276	0.000000	0.139601	0.000000	0.339031	20
0.000000	0.000000	0.000000	0.000000	0.000000	0.084071	0.915929	21
0.000000	0.000000	0.091589	0.110280	0.000000	0.000000	0.798131	22
0.000000	0.000000	0.114839	0.218065	0.000000	0.000000	0.667097	23
0.800742	0.000000	0.097285	0.004884	0.000000	0.040828	0.056261	24
0.741903	0.000000	0.023279	0.000000	0.154521	0.000000	0.080297	25
0.461509	0.538491	0.000000	0.000000	0.000000	0.000000	0.000000	26
0.000000	0.000000	0.204952	0.000000	0.000000	0.590096	0.204952	27
0.812133	0.000000	0.018839	0.032665	0.006740	0.000000	0.129623	28
0.000000	0.000000	0.088777	0.000000	0.165829	0.000000	0.745394	29
0.000000	0.000000	0.152993	0.000000	0.000000	0.000000	0.847007	30
0.659406	0.000000	0.000000	0.078548	0.000000	0.000000	0.262046	31
0.000000	0.000000	0.000000	0.000000	0.000000	0.000000	1.000000	32
0.000000	0.000000	0.157825	0.000000	0.000000	0.277188	0.564987	33
0.000000	0.000000	1.000000	0.000000	0.000000	0.000000	0.000000	34
0.000000	0.000000	0.000000	0.000000	0.000000	0.407407	0.592593	35
0.000000	0.000000	1.000000	0.000000	0.000000	0.000000	0.000000	36
0.925101	0.000000	0.000000	0.000000	0.074899	0.000000	0.000000	37
0.000000	0.906250	0.000000	0.000000	0.000000	0.069556	0.024194	38
0.000000	0.000000	0.333333	0.333333	0.000000	0.333333	0.000000	39
0.000000	0.000000	0.000000	1.000000	0.000000	0.000000	0.000000	40
0.000000	0.000000	0.243707	0.000000	0.000000	0.552632	0.203661	41
0.000000	0.000000	1.000000	0.000000	0.000000	0.000000	0.000000	42
0.000000	0.000000	0.912226	0.000000	0.000000	0.000000	0.087774	43
0.000000	0.000000	0.215190	0.000000	0.000000	0.000000	0.784810	44
0.000000	0.000000	1.000000	0.000000	0.000000	0.000000	0.000000	45
0.000000	0.000000	0.926554	0.000000	0.000000	0.000000	0.073446	46
0.743987	0.000000	0.078748	0.000000	0.000000	0.131466	0.045799	47
0.000000	0.000000	0.875587	0.000000	0.000000	0.000000	0.124413	48
0.027368	0.000000	0.030135	0.331181	0.079643	0.000000	0.531673	49
0.000000	0.000000	0.098675	0.000000	0.010677	0.000000	0.890648	50
0.000000	0.000000	0.368992	0.000000	0.000000	0.000000	0.631008	51
0.000000	0.000000	0.063144	0.000000	0.153351	0.539948	0.243557	52
0.000000	0.000000	0.000000	1.000000	0.000000	0.000000	0.000000	53
0.000000	0.000000	0.050046	0.092215	0.000000	0.454124	0.403614	54
0.000000	0.000000	0.332474	0.000000	0.667526	0.000000	0.000000	55
0.000000	0.000000	0.535842	0.000000	0.464158	0.000000	0.000000	56
0.000000	0.000000	0.201804	0.000000	0.000000	0.000000	0.798196	57
0.000000	0.000000	0.410714	0.000000	0.589286	0.000000	0.000000	58
0.000000	0.000000	1.000000	0.000000	0.000000	0.000000	0.000000	59
0.000000	0.000000	0.000000	1.000000	0.000000	0.000000	0.000000	60
0.000000	0.000000	0.420884	0.000000	0.000000	0.481526	0.097590	61
0.067732	0.227549	0.227549	0.000000	0.000000	0.303653	0.173516	62
0.625628	0.000000	0.374372	0.000000	0.000000	0.000000	0.000000	63
0.000000	0.000000	0.432727	0.000000	0.000000	0.000000	0.567273	64
0.000000	0.849332	0.150668	0.000000	0.000000	0.000000	0.000000	65
0.833890	0.000000	0.166110	0.000000	0.000000	0.000000	0.000000	66
0.023485	0.000000	0.104833	0.695711	0.000000	0.000000	0.175970	67
0.657670	0.000000	0.123766	0.000000	0.081633	0.000000	0.136932	68
0.000000	0.000000	1.000000	0.000000	0.000000	0.000000	0.000000	69
0.000000	0.000000	0.542234	0.351499	0.000000	0.000000	0.106267	70
0.667781	0.000000	0.133021	0.000000	0.000000	0.000000	0.199198	71
0.000000	0.000000	1.000000	0.000000	0.000000	0.000000	0.000000	72
0.000000	0.000000	1.000000	0.000000	0.000000	0.000000	0.000000	73
0.837037	0.000000	0.015781	0.000000	0.000000	0.000000	0.147182	74
0.000000	0.000000	1.000000	0.000000	0.000000	0.000000	0.000000	75
0.000000	0.000000	1.000000	0.000000	0.000000	0.000000	0.000000	76
0.000000	0.000000	0.533784	0.000000	0.000000	0.000000	0.466216	77
0.000000	0.000000	0.490909	0.258442	0.000000	0.000000	0.250649	78
0.000000	0.000000	0.028892	0.000000	0.158608	0.706958	0.105542	79
0.000000	0.000000	1.000000	0.000000	0.000000	0.000000	0.000000	80
0.000000	0.000000	0.000000	0.000000	0.000000	0.000000	1.000000	81
0.974481	0.000000	0.025519	0.000000	0.000000	0.000000	0.000000	82
0.000000	0.000000	0.197674	0.000000	0.000000	0.745847	0.056478	83
0.000000	0.000000	0.000000	0.074307	0.526448	0.000000	0.399244	84
0.000000	0.000000	0.312893	0.000000	0.000000	0.000000	0.687107	85
0.000000	0.000000	1.000000	0.000000	0.000000	0.000000	0.000000	86
0.000000	0.000000	0.517857	0.482143	0.000000	0.000000	0.000000	87
0.000000	0.000000	1.000000	0.000000	0.000000	0.000000	0.000000	88
0.000000	0.000000	1.000000	0.000000	0.000000	0.000000	0.000000	89
0.000000	0.000000	0.104925	0.000000	0.000000	0.000000	0.895075	90
0.000000	0.000000	0.346154	0.000000	0.000000	0.000000	0.653846	91
0.731780	0.000000	0.092512	0.000000	0.000000	0.136106	0.039601	92
0.000000	0.000000	0.000000	0.000000	0.237624	0.000000	0.762376	93
0.000000	0.000000	1.000000	0.000000	0.000000	0.000000	0.000000	94
0.000000	0.000000	0.731784	0.118719	0.030779	0.000000	0.118719	95
0.985461	0.000000	0.000000	0.000000	0.000000	0.000000	0.014539	96
0.000000	0.000000	1.000000	0.000000	0.000000	0.000000	0.000000	97
0.000000	0.000000	0.754630	0.000000	0.000000	0.000000	0.245370	98
0.000000	0.000000	0.317817	0.000000	0.000000	0.640449	0.041734	99
0.000000	0.000000	0.000000	0.000000	0.000000	0.000000	1.000000	100
